	25			50			75			100			125			150			175			200			225			250			275			300			325			350			375			400			
2	841.5 733.0	4117.9 3513.8	10010.6 8394.1	18645.4 15489.1	30602.9 25297.4	45236.7 36839.6	64287.0 52272.0	86782.6 70690.3	113683.0 91503.5	141021.5 112681.7	173083.7 138849.8	213001.4 169762.7	249455.3 198556.7	295753.2 234367.0	341874.5 271327.3	401790.2 316766.6	
4	5305.9 3162.6	23524.8 13713.3	56369.0 32389.0	106441.3 59879.1	175851.9 97078.5	259035.4 141886.9	359968.5 194252.7	481075.4 259532.1	614758.1 329758.6	791185.4 417958.6	945646.0 496800.0	1157871.8 605776.4	1370897.9 712018.8	1634947.5 849842.7	1842865.1 957623.6	2182791.1 1116500.5	
8	16030.8 7285.9	71780.3 31888.9	173792.4 75451.7	317136.1 136337.4	514950.5 217637.9	759692.9 319435.2	1061359.0 441534.4	1414763.7 581977.5	1828534.4 749285.1	2268188.2 919474.6	2809273.9 1123704.7	3398023.9 1353904.9	4041085.6 1602542.8	4774745.2 1881642.9	5437910.5 2124254.8	6267537.0 2451865.6	
16	38476.1 14158.7	171824.2 62362.8	407722.3 145516.0	766655.6 269510.9	1202662.0 420338.7	1820619.0 626581.8	2537110.2 871470.6	3420203.3 1157570.1	4353270.3 1470476.2	5371511.2 1804403.3	6725068.6 2241671.9	8025528.4 2671844.6	9481453.0 3138227.0	11211436.7 3649307.1	12880153.3 4217468.8	14748099.3 4806815.4	
32	84791.8 26682.7	375366.2 115593.3	898736.8 272748.0	1656284.7 497659.0	2684695.6 791464.1	3965355.1 1159686.0	5518729.0 1586420.2	7235709.1 2092182.4	9309040.0 2675727.0	11844386.7 3366890.7	14539592.4 4111380.0	17414525.3 4899792.1	20741140.0 5812399.2	23998607.1 6759037.8	28253882.8 7894985.0	32092600.6 8956783.6	
64	177959.2 50521.5	786642.3 216324.0	1860309.1 498798.0	3460739.5 909074.2	5540248.4 1425196.3	8263295.1 2131477.9	11350324.4 2916383.9	14969229.5 3791140.4	19435974.0 4854947.1	24419747.7 6086245.1	29978213.9 7441609.3	36435676.5 8915386.0	43393307.9 10546348.7	49733517.8 12209878.7	58386482.0 14142611.5	66776893.7 16009143.6	
128	366193.8 97754.1	1594729.8 402610.3	3785024.8 937343.5	7028558.8 1696152.5	11334263.9 2706183.1	16848006.2 3951846.4	23508702.0 5448926.9	31165981.1 7157154.8	39894148.5 9054122.1	49510125.0 11192881.9	61448976.9 13824339.0	74117880.9 16596974.4	86938642.0 19371973.5	103351173.9 22599759.6	118873837.8 25954090.8	135227697.7 29595210.8	
256	743978.8 190603.1	3249568.1 785866.8	7684014.2 1816709.9	14194939.0 3283167.5	22922941.1 5199248.1	33767097.5 7546193.1	47430502.9 10412988.7	62596918.7 13596287.3	80311635.9 17372879.9	99859861.3 21461902.6	121973165.9 25900591.8	148766514.0 31208448.2	175981046.1 36867123.4	203787827.5 42326640.3	240645941.9 49807132.4	273370116.3 55997667.4	
512	1469339.8 372350.5	6496616.7 1538088.2	15504174.8 3557126.2	28931446.8 6448906.5	46535534.3 10226619.1	67805230.3 14657404.9	94592228.6 20227974.4	126827941.7 26464606.1	158411264.7 33371493.9	199943326.4 41070856.1	248642609.5 50990336.0	299207937.8 60731716.3	353470160.6 71035560.9	408564263.3 81905866.1	481918859.8 95505395.6	550849801.1 108986610.0	

2	733.0 1943.8	2894.6	3513.8 11929.6	16184.9	8394.1 34829.0	44805.3	15489.1 78079.8	96262.8	25297.4 142795.6	172200.1	36839.6 242768.1	285462.0	52272.0 384461.3	444854.1	70690.3 566018.9	647180.5	91503.5 786624.1	891251.9	112681.7 1060884.1	1189509.8	138849.8 1410518.9	1568851.5	169762.7 1839772.4	2032816.6	198556.7 2295059.8	2520645.7	234367.0 2832511.2	3097743.8	271327.3 3472320.0	3779307.6	316766.6 4329924.0	4688261.0	
4	3162.6 7586.5	11202.4	13713.3 49290.8	64575.3	32389.0 156623.6	192427.2	59879.1 359936.1	425784.7	97078.5 675376.9	781652.7	141886.9 1165747.5	1320913.3	194252.7 1822553.1	2034633.1	259532.1 2701461.7	2984144.6	329758.6 3780016.9	4138956.8	417958.6 5216408.9	5670560.4	496800.0 6854131.5	7394169.7	605776.4 8906490.2	9563767.3	712018.8 11194620.5	11966865.3	849842.7 14184302.0	15104930.2	957623.6 17225336.3	18263153.3	1116500.5 21092373.4	22300930.0	
8	7285.9 16102.1	23983.2	31888.9 101076.8	135120.0	75451.7 309125.4	389235.5	136337.4 695082.2	839510.1	217637.9 1316488.1	1546632.0	319435.2 2223906.0	2561182.1	441534.4 3482504.0	3948227.5	581977.5 5139337.6	5752746.5	749285.1 7181586.0	7970506.0	919474.6 9813006.2	10781420.1	1123704.7 12946929.6	14129515.1	1353904.9 16819713.3	18243920.6	1602542.8 21390815.5	23076113.9	1881642.9 26698599.3	28676313.8	2124254.8 32569458.1	34803287.6	2451865.6 39362744.5	41938851.1	
16	14158.7 29427.9	44263.8	62362.8 162937.1	227754.2	145516.0 479477.0	630335.8	269510.9 1036234.7	1315051.1	420338.7 1924694.4	2359349.9	626581.8 3191778.4	3838844.4	871470.6 4989601.3	5888976.2	1157570.1 7227281.0	8420964.4	1470476.2 10093249.1	11609311.8	1804403.3 13742113.8	15602759.4	2241671.9 18005519.6	20315003.0	2671844.6 23264045.5	26016523.8	3138227.0 29138536.7	32370832.2	3649307.1 36135780.0	39893643.8	4217468.8 44497766.7	48840918.5	4806815.4 53647016.9	58596074.4	
32	26682.7 69962.0	97368.8	115593.3 259094.1	377295.4	272748.0 703152.2	981586.3	497659.0 1460860.5	1968428.3	791464.1 2648118.2	3454919.5	1159686.0 4297912.0	5479521.9	1586420.2 6511614.5	8127734.7	2092182.4 9357311.5	11488086.1	2675727.0 12931216.2	15655620.6	3366890.7 17428513.5	20855366.8	4111380.0 22800727.8	26984775.2	4899792.1 28995879.8	33981739.2	5812399.2 36296016.0	42209236.3	6759037.8 45116135.2	51992343.4	7894985.0 54720852.5	62749928.2	8956783.6 65802398.1	74911790.5	
64	50521.5 73827.1	125093.4	216324.0 591066.6	810083.1	498798.0 1090696.0	1595353.3	909074.2 2175898.4	3095208.3	1425196.3 3772449.1	5213470.4	2131477.9 5946592.6	8100756.8	2916383.9 8811800.6	11758841.6	3791140.4 12378549.8	16209506.3	4854947.1 16868702.5	21773835.5	6086245.1 22363196.0	28511343.4	7441609.3 28751059.4	36267440.3	8915386.0 36313395.6	45317417.3	10546348.7 45094212.8	55744746.2	12209878.7 55048993.3	67379103.1	14142611.5 66841612.0	81122623.0	16009143.6 79636781.5	95803261.9	
128	97754.1 78385.4	176895.9	402610.3 606366.4	1011708.0	937343.5 2045317.8	2988604.6	1696152.5 4870633.8	6577192.9	2706183.1 9498202.8	12220423.0	3951846.4 8914843.3	12889623.4	5448926.9 12892552.6	18372581.5	7157154.8 17814499.6	25012124.5	9054122.1 23783904.8	32889096.1	11192881.9 30897016.1	42152808.6	13824339.0 39035403.7	52935609.2	16596974.4 48779705.0	65467038.4	19371973.5 59654729.5	79132275.6	22599759.6 72315381.2	95037653.4	25954090.8 86318304.0	112412648.9	29595210.8 101987273.4	131742159.2	
256	190603.1 85672.9	277037.1	785866.8 625054.2	1413676.8	1816709.9 2083196.2	3905899.8	3283167.5 4926828.6	8220464.8	5199248.1 9620533.4	14835974.6	7546193.1 16642003.6	24211362.6	10412988.7 26416162.3	36860497.6	13596287.3 39442397.4	53079458.8	17372879.9 56165929.9	73590251.2	21461902.6 77119700.9	98644984.1	25900591.8 58830468.9	84807576.5	31208448.2 72245610.0	103544992.7	36867123.4 87387824.6	124361528.0	42326640.3 104388273.1	146838393.2	49807132.4 123264959.7	173213667.5	55997667.4 144095165.7	200253647.8	
512	372350.5 99599.5	472714.6	1538088.2 653509.9	2194362.9	3557126.2 2131169.2	5694314.8	6448906.5 5000623.9	11460046.3	10226619.1 9730143.0	19973029.8	14657404.9 16782510.3	31463167.2	20227974.4 26617054.0	46876506.4	26464606.1 39718172.6	66223726.8	33371493.9 56509436.6	89932576.0	41070856.1 77547001.2	118681488.4	50990336.0 103187304.6	154254465.7	60731716.3 134006742.6	194829750.3	71035560.9 170311544.9	241454051.2	81905866.1 212798453.3	294828232.9	95505395.6 261919904.9	357567491.6	108986610.0 318097026.8	427245358.6	
