	25			50			75			100			125			150			175			200			225			250			275			300			325			350			375			400			

2	17.2 51.0	6747.2	36.5 150.0	54282.6	55.0 299.5	187729.7	79.5 510.1	450459.2	83.5 584.1	872288.8	99.1 846.8	1530006.7	108.1 923.1	2537582.0	140.2 1506.7	3760544.6	164.0 1752.4	5337770.4	142.2 1658.7	7238683.6	210.1 2786.0	9890270.6	235.2 3171.0	12916692.1	240.1 4085.6	16330136.2	237.0 3391.8	20013951.7	223.2 3664.6	24993349.0	312.6 5766.5	31241087.3	
4	88.3 217.1	15800.3	172.8 663.0	111111.7	226.4 1055.9	368823.0	336.1 2025.4	862890.0	374.6 2805.6	1669314.6	507.8 4112.0	2921569.8	609.7 6644.5	4601457.3	712.3 9027.8	6849032.5	605.6 6863.9	9747902.9	726.9 9306.4	13397319.3	1043.9 17427.6	17774292.1	1117.7 18291.9	22998076.6	1243.2 23849.4	29247901.8	1064.0 17962.5	36971192.1	1501.3 29992.9	45174716.4	1532.3 35414.7	54956184.2	
8	219.8 454.4	25010.8	459.3 1406.9	164783.7	659.4 2435.1	513824.1	882.3 4017.3	1171779.3	1103.5 6351.2	2241055.5	1164.4 7162.9	3812937.5	1493.1 10008.0	5995905.6	1642.1 12963.6	8885994.3	1778.9 16306.8	12551295.0	2098.3 21026.3	17323448.2	2254.2 23488.4	22732980.8	2515.0 29697.0	29612805.6	2686.6 33379.8	37725205.7	3490.6 47026.2	47163798.6	3888.7 59779.6	57803720.3	3155.5 51462.4	69988359.2	
16	473.9 859.5	38621.5	1009.8 2401.7	221886.2	1539.5 4282.6	662649.0	1738.8 5736.3	1465332.5	2211.0 8204.8	2740055.3	3213.1 14261.5	4599143.3	3734.5 19229.5	7207162.1	4054.2 24291.3	10493021.0	4203.5 24821.3	14817530.1	4994.6 33105.8	20271269.5	5848.3 38499.0	26567239.8	5814.2 42022.7	34262756.3	6500.5 51907.1	43147924.3	7893.1 68037.8	53431418.9	6750.3 58283.2	66062444.0	8439.9 86477.5	79682019.6	
32	1029.0 1336.4	80208.1	2342.5 4607.7	317254.4	3217.0 7314.1	876805.0	3948.2 10071.9	1855880.7	5102.6 13832.6	3370146.0	6170.6 18181.5	5552016.9	6743.7 23922.5	8495347.5	8189.2 29501.4	12339209.7	9498.0 38162.4	17186301.2	11679.7 44881.2	23061816.2	9885.0 43134.7	30327019.0	13493.2 66609.8	38826961.2	12305.8 60816.4	48732879.9	13567.4 74997.9	60658187.3	14406.7 74307.1	73601669.8	20711.2 127512.4	89269225.2	
64	2226.8 1720.0	85801.7	4297.6 5880.3	651025.9	6017.2 11139.7	1270527.5	8207.2 16421.8	2558119.5	9725.0 21029.0	4473683.8	12034.6 26842.3	7140845.5	14850.4 37120.2	10675290.5	17126.0 43593.8	15192706.6	18175.6 48870.7	20768797.8	22913.6 65457.7	27679512.5	24848.8 74777.4	35872440.1	27458.8 86031.6	45296870.9	31588.6 104848.5	56637321.3	26262.5 88290.5	69490169.6	31009.0 114334.9	84579454.5	33265.7 119741.9	101346548.3	
128	4514.4 2096.2	93124.0	8769.3 6984.4	672798.5	12920.3 13985.9	2229614.7	16997.2 24483.1	5265729.1	25215.2 49247.6	10235757.2	26305.7 49415.1	10143416.5	31963.7 64787.5	14752718.5	36266.5 77352.9	20540668.2	42463.2 90250.3	27606852.7	42326.2 86298.5	36098124.0	46073.1 96169.4	45944870.6	43335.6 88747.8	57636805.0	46821.1 107900.1	70810324.7	66743.0 160025.7	85973125.0	70646.8 177910.0	103172529.8	66705.5 168963.8	122956084.0	
256	9271.7 2903.0	106210.4	17911.7 7681.4	701676.9	26409.1 15762.7	2281848.8	34742.3 26405.0	5336986.0	48408.7 46426.2	10380326.9	51042.8 55476.0	17883039.0	55062.3 70572.8	28292064.8	62078.7 86960.1	42188096.4	87272.3 155564.5	60106961.3	90242.9 182102.5	82417040.2	91875.1 150369.3	65973970.5	120882.3 224160.5	81308627.8	90288.9 165950.0	98567458.2	116543.8 234441.5	118636141.2	144195.9 321905.1	140063345.0	105304.0 197591.0	164781427.8	
512	18383.8 4295.5	131438.7	33015.9 8503.8	747221.4	50421.3 16187.9	2354039.0	67403.1 26112.0	5440957.9	74695.0 36899.7	10504394.1	108641.7 61446.5	18086320.9	122036.4 75590.7	28576655.8	130748.6 90634.9	42536450.5	170821.8 150475.9	60589955.7	166122.5 161428.4	82972940.9	160625.3 162494.0	110094872.2	183809.3 192442.0	143035321.5	212327.6 240568.6	181603985.3	250312.0 327083.7	227155915.6	250615.6 345373.0	278881499.5	247477.3 323648.5	338810527.9	
